======RHFedMTL====== 
Accuracy 	 Resource 
0.7133333333333334 	 [200] 
0.72 	 [400] 
0.7333333333333333 	 [600] 
0.72 	 [800] 
0.7066666666666667 	 [1000] 
0.7533333333333333 	 [1200] 
0.74 	 [1400] 
0.7133333333333334 	 [1600] 
0.7133333333333334 	 [1800] 
======HFedMTL====== 
Accuracy 	 Resource 
0.0 	 0 
0.62 	 200 
0.64 	 400 
0.72 	 600 
0.6933333333333334 	 800 
0.6599999999999999 	 1000 
0.6933333333333334 	 1200 
0.6733333333333333 	 1400 
0.72 	 1600 
======FedAVG====== 
Accuracy 	 Resource 
0.0 	 0 
0.5466666666666666 	 200 
0.5266666666666667 	 400 
0.5599999999999999 	 600 
0.5733333333333333 	 800 
0.5533333333333333 	 1000 
0.5800000000000001 	 1200 
0.5466666666666666 	 1400 
0.6066666666666667 	 1600 
