======RHFedMTL====== 
Accuracy 	 Resource 
0.7066666666666667 	 [200] 
0.7466666666666667 	 [400] 
0.7266666666666667 	 [600] 
0.76 	 [800] 
0.7333333333333334 	 [1000] 
0.74 	 [1200] 
0.7866666666666666 	 [1400] 
0.7333333333333333 	 [1600] 
0.7466666666666667 	 [1800] 
======HFedMTL====== 
Accuracy 	 Resource 
0.0 	 0 
0.6533333333333333 	 200 
0.62 	 400 
0.64 	 600 
0.68 	 800 
0.6866666666666666 	 1000 
0.68 	 1200 
0.7 	 1400 
0.7 	 1600 
======FedAVG====== 
Accuracy 	 Resource 
0.0 	 0 
0.5 	 200 
0.56 	 400 
0.5266666666666667 	 600 
0.5399999999999999 	 800 
0.5733333333333334 	 1000 
0.52 	 1200 
0.5599999999999999 	 1400 
0.5733333333333334 	 1600 
