======RHFedMTL====== 
Accuracy 	 Resource 
0.6466666666666667 	 [200] 
0.6466666666666666 	 [400] 
0.6466666666666666 	 [600] 
0.62 	 [800] 
0.6799999999999999 	 [1000] 
0.6466666666666667 	 [1200] 
0.6733333333333333 	 [1400] 
0.6399999999999999 	 [1600] 
======HFedMTL====== 
Accuracy 	 Resource 
0.0 	 0 
0.6933333333333334 	 200 
0.6333333333333334 	 400 
0.6599999999999999 	 600 
0.6599999999999999 	 800 
0.5800000000000001 	 1000 
0.6333333333333333 	 1200 
0.6266666666666667 	 1400 
======FedAVG====== 
Accuracy 	 Resource 
0.0 	 0 
0.5466666666666666 	 200 
0.62 	 400 
0.5733333333333335 	 600 
0.5733333333333334 	 800 
0.5800000000000001 	 1000 
0.6 	 1200 
0.5866666666666667 	 1400 
======FedProx====== 
Accuracy 	 Resource 
0.0 	 0 
0.6133333333333333 	 200 
0.6333333333333333 	 400 
0.6066666666666667 	 600 
0.6133333333333333 	 800 
0.6399999999999999 	 1000 
0.6133333333333333 	 1200 
0.6466666666666666 	 1400 
======FedEM====== 
Accuracy 	 Resource 
0.0 	 0 
0.6055555555555556 	 200 
0.6055555555555556 	 400 
0.6055555555555556 	 600 
0.6055555555555556 	 800 
0.6055555555555556 	 1000 
0.6055555555555556 	 1200 
0.6055555555555556 	 1400 
